# Specifies a transient datum.
TIME_UNITS d
DATA_UNITS m
# <time> <value> <value> <value>
0    100   0.5   1.0
30    100   0.5   1.5
60    100   0.5   2.0
90    100   0.5   2.5
120    100   0.5   3.0
150    100   0.5   3.5
180    100   0.5   4.0
210    100   0.5   3.5
240    100   0.5   3.0
270    100   0.5   2.5
300    100   0.5   2.0
330    100   0.5   1.5
360    100   0.5   1.0
390    100   0.5   1.5
420    100   0.5   2.0
450    100   0.5   2.5
480    100   0.5   3.0
510    100   0.5   3.5
540    100   0.5   4.0
570    100   0.5   3.5
600    100   0.5   3.0
630    100   0.5   2.5
660    100   0.5   2.0
690    100   0.5   1.5
720    100   0.5   1.0